7421
4860
4688
2305
55120
875
102724560
2026
51588
3587
3659
6774
3725
4088
4087
3593
5156
3592
27329
4879
79827
4319
6184
10424
1439
142
658
121793
5101
84898
1047
8985
153218
10553
131450
84572
6810
6439
4710
1636
1992
1435
2893
55454
871
51301
23654
1089
22925
6181
5617
632
3567
2819
29104
7099
1277
4779
54586
57451
6599
10730
6927
6905
7172
79608
2081
5118
7390
53353
2550
2571
947
22978
57633
6272
25939
11059
5896
4361
9938
2188
640
6888
79840
23236
56648
204
1388
4598
2185
2184
9124
3300
85415
9021
23543
9904
8542
966
3145
7036
2309
23469
8764
55738
2281
23269
3683
1382
3717
9780
1950
3305
23435
1848
6772
57561
319
6892
23586
5078
55233
10605
27101
115761
54442
2186
84309
6902
25802
51652
100526767
150684
55193
10241
5892
84959
8761
5689
8428
55870
2773
3831
29789
29993
9455
27330
10095
84444
10694
56893
5994
7812
11244
60468
79660
3149
11165
9498
51277
98
23301
8170
57862
9181
29767
7005
10455
5465
10174
55327
4215
6204
5592
2740
3091
6277
599
2277
50964
1442
1947
257194
604
11167
6696
3949
3099
3098
4193
89780
284613
8646
5745
284069
3157
80723
5710
5717
2950
5874
10244
2969
26289
1387
161
8615
28992
9475
11284
56034
3565
5523
2261
1991
1436
3568
3594
8404
11202
2147
2220
3605
10298
5657
735
3586
1075
50616
6355
7360
10667
9568
8672
2036
3381
6422
627
2303
1081
4689
9863
3263
3596
10924
3489
2323
1839
22914
100528032
4049
1271
7040
133
64115
3456
1948
11148
9636
27304
4772
5957
23166
6612
3973
29763
5778
1474
566
4057
3384
25932
2512
577
168667
4921
2169
2214
51083
2944
3939
5268
4758
84695
5009
5368
6318
3084
1803
5300
8455
5652
6288
210
4481
5534
2990
1264
919
1380
1463
2638
2876
5654
10614
3570
3880
6198
22871
207
64094
1300
650
652
673
165257
5241
2875
6464
81494
3482
9402
55366
27120
94
3159
6777
318
3309
231
2934
2027
969
8654
64866
9997
5168
253559
7098
249
645
9201
2253
797
11168
55662
51091
54165
1978
3093
3162
6424
1356
4599
80221
51684
23410
6727
4179
337
353376
100302736
54658
7164
384
389
653361
10537
5373
55163
9397
6633
841
229
2628
50865
256302
23286
55055
10797
1400
5692
29968
213
9465
221120
8905
57412
999
9519
9360
55308
10951
5480
54557
7038
5275
1050
1281
64084
11080
266722
5686
5684
9353
6586
5698
145482
1649
5576
5271
29124
5504
744
5270
9051
9158
92597
10617
9097
695
4521
132
5869
9532
10923
7323
7389
2539
10458
25843
3190
7923
11315
152831
4038
3600
1054
2057
9046
2254
115827
2972
1740
3624
5741
100
898
23411
3845
9230
10477
1942
7412
4968
57463
2670
6919
4684
716
6776
83941
8773
391356
10519
54858
654790
7802
55364
4162
25805
1829
10447
80031
949
90952
799
146760
50863
27255
6631
54810
466
80218
51715
6208
123228
79007
10231
59286
112942
23640
144233
9039
10573
129450
58487
6446
114971
55284
64092
27351
5272
6817
6135
10901
79922
605
84706
9315
124540
29982
5866
87178
55520
4224
27253
7249
4296
5321
10059
4090
26258
8639
840
338324
2289
4607
55014
81605
56975
5153
11060
5055
1630
1012
5649
170384
7398
8314
59343
8999
100129128
7936
23433
6746
54926
60685
147381
2160
7318
51384
7917
3290
3684
4023
4846
51667
4925
5445
80781
8575
10019
5607
387082
2308
219
84290
467
253980
51733
51004
5327
25853
1746
80237
9941
50943
2553
9807
9874
3227
9079
10443
133686
4780
84295
5531
9837
138046
5937
6092
4040
6390
79042
6688
10352
117143
145645
54962
7374
10127
63931
6789
1051
11337
6354
2920
3485
79047
10190
284252
79154
283899
79641
91369
8545
11344
80212
100130519
123803
51225
9686
196541
2324
51738
220388
10324
5702
471
9861
8569
727
112476
79447
2932
9317
5468
4209
51314
27132
54921
58191
2255
5834
27044
9135
202051
8821
23070
374887
57447
26040
29934
53335
51557
6252
6364
29916
23204
8894
325
3815
7078
7429
2146
64215
55553
163
3551
55697
8939
5993
9026
7415
4200
7174
79068
8991
9627
80790
28972
53940
9910
1981
10892
3984
3663
90523
25814
5443
3426
3486
3952
4318
4353
10524
66005
4919
1794
2495
4041
5289
5798
65125
114900
7076
7422
8744
941
4685
1471
30968
1946
2066
4070
3163
4240
3588
3597
3561
143903
4055
4360
4486
5049
5578
3385
5329
7132
4916
608
1634
1158
1956
3055
3082
3329
718
8190
5320
5008
5175
5196
5627
6906
8995
9255
1441
7136
27036
6469
64109
335
8200
9965
3484
3603
112744
6349
414062
4314
4316
6647
338
91
64344
284
181
1003
6376
6692
2815
9622
3934
4233
10653
7075
2182
199
5595
2908
55869
3838
5580
5879
6908
7150
7329
12
730
933
4192
5111
8600
5054
55166
348
9048
54205
1576
1675
2690
3479
5624
5744
374
655
948
1272
1490
1828
10913
6374
2919
3458
23765
4045
4153
5770
27180
7049
85480
1493
5345
2247
6368
30835
29949
3553
6373
6348
4151
6678
6362
2618
356
3240
3566
3958
3558
10068
3929
2159
5919
60401
5594
246778
56616
7424
3146
3559
6387
7314
7203
11096
3425
411
27163
9510
11093
1520
2155
717
10321
5651
55748
51206
1404
3416
2597
212
56955
56624
4811
5979
54
151887
116844
7045
633
715
135228
2208
962
55997
6414
54567
2212
2213
2215
2209
2235
3053
27429
11009
7804
23705
285704
148738
7035
7058
7060
95
462
9212
649
1024
11200
1893
26998
2879
23657
5104
5294
10000
5347
5972
29110
596
597
57689
817
1215
1457
2042
2322
3001
8809
3576
3643
151176
5159
63827
4121
5566
5792
6401
8576
4352
7057
4914
183
567
2246
10563
847
6372
3440
57817
6367
2171
6361
7432
5746
196527
959
22943
1644
9370
6347
2676
970
5265
197
8536
836
1118
64581
1889
2219
2799
3083
9450
79258
5605
4978
4043
8832
3791
2
5340
1027
5697
7293
654
5743
7010
8754
51129
768
761
1152
8074
2263
5588
5728
7097
7535
9049
5478
83658
23474
4190
5052
52
5687
7173
7332
3837
3621
4001
3945
5223
177
671
729
629
2251
2335
10468
50604
3574
3627
4908
4909
5155
3818
3371
7042
5328
3075
4313
7018
5226
8574
10327
1072
51534
3480
9173
5315
55968
23386
5444
5037
5901
9584
7086
7167
79077
5777
81693
91653
1401
3383
23604
9518
598
78989
339221
957
115352
7169
710
2252
3589
4321
5154
6320
683
23468
1191
131118
30817
23769
8942
3932
5335
4068
5539
3569
1437
3292
3562
5479
2923
173
866
3700
51060
2810
6402
1969
1440
2719
3552
657
659
4915
283
3630
2641
23406
2022
3827
6363
4312
2069
10551
301
302
506
708
759
760
1398
1805
2264
2811
3248
3273
1432
6648
4478
10135
203
1192
4690
7941
9588
7345
5464
158
9332
22933
5645
7298
29126
51744
9308
1604
53832
149233
3575
182
3714
950
4851
4897
9369
4345
64221
51330
9493
3156
10105
5144
7297
811
7409
6356
942
6280
843
1363
10082
3181
3557
57502
4958
6418
115650
3953
939
8792
2170
214
2619
2885
9394
5579
6352
5921
10963
6695
1509
8784
2260
2267
921
78991
4236
54097
56920
11314
55118
23509
54209
22854
79709
2165
3606
5589
7124
64093
7148
10507
6091
427
60676
2778
174
637
4803
6997
2056
2668
3459
3578
3977
10919
9241
6283
4137
226
383
572
1933
1984
2922
3312
4830
5830
5720
8742
6750
8740
6480
23071
51816
26577
7157
83440
5655
56265
170392
152002
10882
3626
200504
54757
404037
6490
402665
55554
1906
4017
59084
10584
2591
3730
84894
10631
7316
885
5352
23753
25837
23208
204474
51115
56884
914
126014
5276
59067
4482
63036
1369
3699
84868
3467
8224
57497
10500
482
92344
327657
78987
7171
5176
3693
389383
10549
8534
9527
5950
25797
219402
374383
10857
84735
5341
6462
276
277
278
124905666
124905668
128966568
128966570
8128
917
53616
6504
3697
29106
1005
56253
54788
202052
644168
93273
7066
916
200150
9445
5648
493856
10417
4282
2048
1114
25928
590
10457
154790
6690
28514
7448
93145
23547
4982
79811
10935
7133
1605
4853
1499
84870
6622
6649
246243
2202
9817
93099
1512
80739
91461
353514
7037
8743
9848
148113
5295
54814
4756
6786
57452
955
4208
1464
27248
64167
9378
7059
23670
256394
9423
11047
282973
8048
4317
7031
4283
3963
653499
3965
8407
10841
5618
79089
53
27189
27242
7180
960
51661
4237
5789
23308
102723996
3698
613210
3560
346007
4254
84929
2548
84693
7177
1513
8099
7369
116379
355
5873
9131
54838
64478
4835
92737
120939
55735
10509
23112
392
1719
2272
1728
88
902
387
6303
4790
1496
2101
9984
1399
7518
134265
8658
114784
