geneSet	description	link	enrichmentScore	normalizedEnrichmentScore	pValue	FDR	size	plotPath	leadingEdgeNum	leadingEdgeId
R-HSA-1650814	Collagen biosynthesis and modifying enzymes	http://reactome.org/PathwayBrowser/#/R-HSA-1650814	-0.6761134130771368	-1.7012279197324165	0.009090909074380165	0.2703014461090304	12	./Project_GSEAd12_d35_GSEA/R_HSA_1650814.png	7	649;80781;5118;1281;1277;26577;1300
R-HSA-216083	Integrin cell surface interactions	http://reactome.org/PathwayBrowser/#/R-HSA-216083	-0.5974518512940181	-1.7463840847767549	0.0018621973894558709	0.329554203079484	21	./Project_GSEAd12_d35_GSEA/R_HSA_216083.png	11	3693;2335;960;3684;7412;80781;3791;3384;1281;1277;1300
R-HSA-186797	Signaling by PDGF	http://reactome.org/PathwayBrowser/#/R-HSA-186797	-0.5640506046283572	-1.7089745231276439	0.005076142123390623	0.33443958940213625	25	./Project_GSEAd12_d35_GSEA/R_HSA_186797.png	9	6776;56034;6777;5154;5155;1281;5340;7060;7059
R-HSA-71387	Metabolism of carbohydrates	http://reactome.org/PathwayBrowser/#/R-HSA-71387	0.5339816290411641	1.8513617882025517	0	0.4314703525641026	41	./Project_GSEAd12_d35_GSEA/R_HSA_71387.png	14	2027;6888;231;10082;4190;1634;7360;3099;2990;2799;7086;226;7167;10327
R-HSA-168142	Toll Like Receptor 10 (TLR10) Cascade	http://reactome.org/PathwayBrowser/#/R-HSA-168142	0.543887482945403	1.4718598817958863	0.04640371218931853	0.4606965083527584	15	./Project_GSEAd12_d35_GSEA/R_HSA_168142.png	4	6288;4208;6283;3146
R-HSA-168176	Toll Like Receptor 5 (TLR5) Cascade	http://reactome.org/PathwayBrowser/#/R-HSA-168176	0.543887482945403	1.4718598817958863	0.04640371218931853	0.4606965083527584	15	./Project_GSEAd12_d35_GSEA/R_HSA_168176.png	4	6288;4208;6283;3146
R-HSA-975871	MyD88 cascade initiated on plasma membrane	http://reactome.org/PathwayBrowser/#/R-HSA-975871	0.543887482945403	1.4718598817958863	0.04640371218931853	0.4606965083527584	15	./Project_GSEAd12_d35_GSEA/R_HSA_975871.png	4	6288;4208;6283;3146
R-HSA-166058	MyD88:MAL(TIRAP) cascade initiated on plasma membrane	http://reactome.org/PathwayBrowser/#/R-HSA-166058	0.48660467181867506	1.4077675307711357	0.07415730320414089	0.4801366631054131	19	./Project_GSEAd12_d35_GSEA/R_HSA_166058.png	7	6288;4208;6283;3146;3551;7097;466
R-HSA-168179	Toll Like Receptor TLR1:TLR2 Cascade	http://reactome.org/PathwayBrowser/#/R-HSA-168179	0.48660467181867506	1.4077675307711357	0.07415730320414089	0.4801366631054131	19	./Project_GSEAd12_d35_GSEA/R_HSA_168179.png	7	6288;4208;6283;3146;3551;7097;466
R-HSA-168188	Toll Like Receptor TLR6:TLR2 Cascade	http://reactome.org/PathwayBrowser/#/R-HSA-168188	0.48660467181867506	1.4077675307711357	0.07415730320414089	0.4801366631054131	19	./Project_GSEAd12_d35_GSEA/R_HSA_168188.png	7	6288;4208;6283;3146;3551;7097;466
R-HSA-181438	Toll Like Receptor 2 (TLR2) Cascade	http://reactome.org/PathwayBrowser/#/R-HSA-181438	0.48660467181867506	1.4077675307711357	0.07415730320414089	0.4801366631054131	19	./Project_GSEAd12_d35_GSEA/R_HSA_181438.png	7	6288;4208;6283;3146;3551;7097;466
R-HSA-168181	Toll Like Receptor 7/8 (TLR7/8) Cascade	http://reactome.org/PathwayBrowser/#/R-HSA-168181	0.4802770080851807	1.379358841741954	0.08108108089846604	0.48209344474969473	18	./Project_GSEAd12_d35_GSEA/R_HSA_168181.png	4	6288;4208;6283;3146
R-HSA-975138	TRAF6 mediated induction of NFkB and MAP kinases upon TLR7/8 or 9 activation	http://reactome.org/PathwayBrowser/#/R-HSA-975138	0.4802770080851807	1.379358841741954	0.08108108089846604	0.48209344474969473	18	./Project_GSEAd12_d35_GSEA/R_HSA_975138.png	4	6288;4208;6283;3146
R-HSA-975155	MyD88 dependent cascade initiated on endosome	http://reactome.org/PathwayBrowser/#/R-HSA-975155	0.4802770080851807	1.379358841741954	0.08108108089846604	0.48209344474969473	18	./Project_GSEAd12_d35_GSEA/R_HSA_975155.png	4	6288;4208;6283;3146
R-HSA-381426	Regulation of Insulin-like Growth Factor (IGF) transport and uptake by Insulin-like Growth Factor Binding Proteins (IGFBPs)	http://reactome.org/PathwayBrowser/#/R-HSA-381426	0.3831494848151697	1.3731766397978864	0.05660377345140619	0.48397732668566007	45	./Project_GSEAd12_d35_GSEA/R_HSA_381426.png	18	3569;5624;7018;1114;462;213;1435;7076;3484;3827;3485;56975;348;8404;6696;56955;29106;2147
R-HSA-211859	Biological oxidations	http://reactome.org/PathwayBrowser/#/R-HSA-211859	0.46737855304214854	1.356480059239684	0.11961722459421717	0.4885534804404997	18	./Project_GSEAd12_d35_GSEA/R_HSA_211859.png	7	95;7360;5443;10327;54658;2944;57412
R-HSA-166166	MyD88-independent TLR4 cascade	http://reactome.org/PathwayBrowser/#/R-HSA-166166	0.49250413442643454	1.486318869562474	0.049327354149490237	0.4919639844804318	21	./Project_GSEAd12_d35_GSEA/R_HSA_166166.png	10	6288;4208;6283;3146;841;29110;3551;466;7323;1432
R-HSA-168164	Toll Like Receptor 3 (TLR3) Cascade	http://reactome.org/PathwayBrowser/#/R-HSA-168164	0.49250413442643454	1.486318869562474	0.049327354149490237	0.4919639844804318	21	./Project_GSEAd12_d35_GSEA/R_HSA_168164.png	10	6288;4208;6283;3146;841;29110;3551;466;7323;1432
R-HSA-937061	TRIF(TICAM1)-mediated TLR4 signaling	http://reactome.org/PathwayBrowser/#/R-HSA-937061	0.49250413442643454	1.486318869562474	0.049327354149490237	0.4919639844804318	21	./Project_GSEAd12_d35_GSEA/R_HSA_937061.png	10	6288;4208;6283;3146;841;29110;3551;466;7323;1432
R-HSA-1500931	Cell-Cell communication	http://reactome.org/PathwayBrowser/#/R-HSA-1500931	0.4908588805342925	1.3588434649461705	0.10502283081045016	0.49476284862798026	15	./Project_GSEAd12_d35_GSEA/R_HSA_1500931.png	1	88
R-HSA-168138	Toll Like Receptor 9 (TLR9) Cascade	http://reactome.org/PathwayBrowser/#/R-HSA-168138	0.46579808192773253	1.35986181356742	0.09192825091495908	0.5048030001155001	19	./Project_GSEAd12_d35_GSEA/R_HSA_168138.png	4	6288;4208;6283;3146
R-HSA-6798695	Neutrophil degranulation	http://reactome.org/PathwayBrowser/#/R-HSA-6798695	0.3428950781370492	1.4319621250490115	0.007462686548600282	0.5098843482905983	107	./Project_GSEAd12_d35_GSEA/R_HSA_6798695.png	32	1991;5657;3312;12;302;6280;4317;6283;2512;4318;3934;2990;2799;5580;2495;3146;23406;1509;2219;4758;671;3163;226;1992;566;10549;7133;116844;5645;383;4353;9588
R-HSA-8953897	Cellular responses to external stimuli	http://reactome.org/PathwayBrowser/#/R-HSA-8953897	0.3523935655969727	1.3900623688385936	0.04265402833494306	0.514239988282327	73	./Project_GSEAd12_d35_GSEA/R_HSA_8953897.png	28	3569;3312;2056;5241;653361;3309;6647;817;5687;5720;64344;4001;3576;9532;1387;11337;9588;6649;5692;23112;847;5052;7323;1432;7422;2876;5717;2908
R-HSA-112314	Neurotransmitter receptors and postsynaptic signal transmission	http://reactome.org/PathwayBrowser/#/R-HSA-112314	0.48147923519897995	1.381770303927517	0.1012048190332414	0.5212467030582265	18	./Project_GSEAd12_d35_GSEA/R_HSA_112314.png	2	88;817
R-HSA-446652	Interleukin-1 family signaling	http://reactome.org/PathwayBrowser/#/R-HSA-446652	0.42410667519920525	1.4320782783518113	0.05960264887504934	0.530525229255698	34	./Project_GSEAd12_d35_GSEA/R_HSA_446652.png	10	6288;9173;3606;6283;3557;3146;5687;5720;29110;3551
R-HSA-2262752	Cellular responses to stress	http://reactome.org/PathwayBrowser/#/R-HSA-2262752	0.36792977711274216	1.439236548434108	0.02576112406144936	0.5324147621701969	69	./Project_GSEAd12_d35_GSEA/R_HSA_2262752.png	27	3569;3312;2056;5241;653361;3309;6647;817;5687;5720;64344;4001;3576;9532;1387;9588;6649;5692;23112;847;5052;7323;1432;7422;2876;5717;2908
R-HSA-5668914	Diseases of metabolism	http://reactome.org/PathwayBrowser/#/R-HSA-5668914	0.5638747207768355	1.558549467864646	0.02570093451939034	0.54496891996892	16	./Project_GSEAd12_d35_GSEA/R_HSA_5668914.png	6	6888;95;2990;2799;5443;54658
R-HSA-8978868	Fatty acid metabolism	http://reactome.org/PathwayBrowser/#/R-HSA-8978868	0.5385265527221328	1.4081978060701668	0.10822510799085475	0.5526557877218935	13	./Project_GSEAd12_d35_GSEA/R_HSA_8978868.png	6	2879;3248;5743;5445;5444;2876
R-HSA-168928	DDX58/IFIH1-mediated induction of interferon-alpha/beta	http://reactome.org/PathwayBrowser/#/R-HSA-168928	0.5298660014204698	1.586883150739119	0.028368794259175427	0.5555533297720798	20	./Project_GSEAd12_d35_GSEA/R_HSA_168928.png	9	6288;6283;3146;841;29110;1387;3551;843;7323
R-HSA-8957275	Post-translational protein phosphorylation	http://reactome.org/PathwayBrowser/#/R-HSA-8957275	0.4392655743671503	1.491456565680912	0.03990610319270868	0.5650962373130343	37	./Project_GSEAd12_d35_GSEA/R_HSA_8957275.png	16	3569;5624;7018;1114;462;213;1435;7076;3484;3827;56975;348;8404;6696;56955;29106
R-HSA-168898	Toll-like Receptor Cascades	http://reactome.org/PathwayBrowser/#/R-HSA-168898	0.49362334069237596	1.6407477556583612	0.00898876402474435	0.5692508012820513	33	./Project_GSEAd12_d35_GSEA/R_HSA_168898.png	15	6288;3929;6280;4208;6283;3146;671;841;29110;3551;9450;7097;466;7323;1432
R-HSA-8950505	Gene and protein expression by JAK-STAT signaling after Interleukin-12 stimulation	http://reactome.org/PathwayBrowser/#/R-HSA-8950505	0.5571037250292481	1.5666828040054817	0.026905829536085585	0.5708219818376068	16	./Project_GSEAd12_d35_GSEA/R_HSA_8950505.png	8	6888;302;3181;6647;4001;759;3458;3586
R-HSA-6785807	Interleukin-4 and Interleukin-13 signaling	http://reactome.org/PathwayBrowser/#/R-HSA-6785807	0.34209007595883373	1.317515547104305	0.07746478855055214	0.5765326188568377	61	./Project_GSEAd12_d35_GSEA/R_HSA_6785807.png	16	6288;3082;3569;3312;3929;3606;3162;4318;3934;7076;301;4314;5443;596;5743;3576
R-HSA-1430728	Metabolism	http://reactome.org/PathwayBrowser/#/R-HSA-1430728	0.32021026411203596	1.4964323883884199	0.00282485874908232	0.5862517806267806	218	./Project_GSEAd12_d35_GSEA/R_HSA_1430728.png	46	1158;761;2027;2819;6888;2170;183;3939;231;51129;10082;95;3162;4190;5320;1634;7360;3099;2990;2799;2184;1644;213;55163;957;2879;4758;3248;7086;5687;2778;5443;348;3163;1719;4023;5720;226;5743;7167;51733;3945;4598;10327;5445;1387
R-HSA-3000171	Non-integrin membrane-ECM interactions	http://reactome.org/PathwayBrowser/#/R-HSA-3000171	-0.6553678739736208	-1.7544715500348327	0.0017825311911184828	0.5904338327091136	16	./Project_GSEAd12_d35_GSEA/R_HSA_3000171.png	11	2247;7057;3693;2335;7040;5154;4921;5155;1281;1277;1300
R-HSA-166016	Toll Like Receptor 4 (TLR4) Cascade	http://reactome.org/PathwayBrowser/#/R-HSA-166016	0.5076601292953009	1.6087347475932556	0.009029345352078227	0.6086166437728938	28	./Project_GSEAd12_d35_GSEA/R_HSA_166016.png	14	6288;3929;4208;6283;3146;671;841;29110;3551;9450;7097;466;7323;1432
R-HSA-556833	Metabolism of lipids	http://reactome.org/PathwayBrowser/#/R-HSA-556833	0.34320545129167607	1.2949266281580567	0.09367681476890675	0.6130481786731786	61	./Project_GSEAd12_d35_GSEA/R_HSA_556833.png	15	2819;2170;183;231;51129;5320;213;2879;4758;3248;5443;5743;4598;5445;1387
R-HSA-70171	Glycolysis	http://reactome.org/PathwayBrowser/#/R-HSA-70171	0.5779188110770664	1.5004603632731885	0.07488986767645403	0.6137100312881563	12	./Project_GSEAd12_d35_GSEA/R_HSA_70171.png	4	2027;3099;226;7167
R-HSA-449147	Signaling by Interleukins	http://reactome.org/PathwayBrowser/#/R-HSA-449147	0.28223437057094775	1.2973410998211539	0.0251256280775738	0.6209847951844903	174	./Project_GSEAd12_d35_GSEA/R_HSA_449147.png	35	6288;9173;3082;3569;6888;5657;3312;3929;302;3606;4208;3162;6283;3557;3181;4318;3934;3589;3146;6647;1435;7076;6364;301;5687;4314;3575;5443;5720;596;4001;5743;85480;3576;3568
R-HSA-162587	HIV Life Cycle	http://reactome.org/PathwayBrowser/#/R-HSA-162587	0.6145447779583552	1.5871798982731002	0.022321428521603955	0.6240910456730769	13	./Project_GSEAd12_d35_GSEA/R_HSA_162587.png	8	11168;902;7518;6908;5478;7314;51652;9397
R-HSA-70326	Glucose metabolism	http://reactome.org/PathwayBrowser/#/R-HSA-70326	0.6199416623694441	1.650604839247906	0.019565217348771268	0.6304059829059829	13	./Project_GSEAd12_d35_GSEA/R_HSA_70326.png	5	2027;4190;3099;226;7167
R-HSA-418346	Platelet homeostasis	http://reactome.org/PathwayBrowser/#/R-HSA-418346	0.4909928920101063	1.2655651854384358	0.18925233600641977	0.6436322754087699	12	./Project_GSEAd12_d35_GSEA/R_HSA_418346.png	9	2778;5592;4846;1432;6786;5777;8654;5175;338
R-HSA-168249	Innate Immune System	http://reactome.org/PathwayBrowser/#/R-HSA-168249	0.32320114883593754	1.5031438678830875	0	0.6501340606508876	213	./Project_GSEAd12_d35_GSEA/R_HSA_168249.png	64	6288;1991;5657;3312;3929;12;302;6280;4208;4317;6283;2512;5320;4318;653361;3934;716;2990;2799;5580;1401;9051;2209;2495;3146;23406;1509;727;2219;64581;4758;671;3845;5687;3163;5720;596;226;1992;566;841;29110;10549;7133;629;1387;3551;116844;2147;7409;5645;383;4353;9588;9450;7097;917;466;5265;30835;4846;5692;843;847
R-HSA-112315	Transmission across Chemical Synapses	http://reactome.org/PathwayBrowser/#/R-HSA-112315	0.40953262803024265	1.272587366715631	0.13181818151859503	0.6519300577894328	24	./Project_GSEAd12_d35_GSEA/R_HSA_112315.png	2	88;3312
R-HSA-2022090	Assembly of collagen fibrils and other multimeric structures	http://reactome.org/PathwayBrowser/#/R-HSA-2022090	-0.6050452808734827	-1.547950125498682	0.04238920993759304	0.7284808919406297	12	./Project_GSEAd12_d35_GSEA/R_HSA_2022090.png	9	4017;84695;649;80781;4316;5118;1281;1277;1300
R-HSA-8854691	Interleukin-20 family signaling	http://reactome.org/PathwayBrowser/#/R-HSA-8854691	-0.5970657304972283	-1.566264563576577	0.029143897943271588	0.7527403245942571	13	./Project_GSEAd12_d35_GSEA/R_HSA_8854691.png	5	3588;50616;6776;6777;116379
R-HSA-1474290	Collagen formation	http://reactome.org/PathwayBrowser/#/R-HSA-1474290	-0.5277879115756683	-1.4758170445273273	0.04896421836353255	0.8300503999630092	18	./Project_GSEAd12_d35_GSEA/R_HSA_1474290.png	8	649;80781;4316;5118;1281;1277;26577;1300
R-HSA-1474244	Extracellular matrix organization	http://reactome.org/PathwayBrowser/#/R-HSA-1474244	-0.37425711529807604	-1.4583213075125672	0.014084507017456853	0.8376622971285893	83	./Project_GSEAd12_d35_GSEA/R_HSA_1474244.png	33	4017;6678;1404;3693;84695;2335;960;7040;3684;4312;4313;7177;7412;649;652;5154;4921;80781;3818;5155;655;4316;2202;3791;3384;5118;1281;4321;5340;1277;4237;26577;1300
R-HSA-1566948	Elastic fibre formation	http://reactome.org/PathwayBrowser/#/R-HSA-1566948	-0.5645700227037765	-1.4780272613768706	0.0687732340729122	0.9232333281315024	14	./Project_GSEAd12_d35_GSEA/R_HSA_1566948.png	9	4017;3693;84695;2335;7040;652;655;2202;4237
R-HSA-5358346	Hedgehog ligand biogenesis	http://reactome.org/PathwayBrowser/#/R-HSA-5358346	-0.1577619436467692	-0.43467137052549887	0.9999999981060607	0.9979660840615897	16	./Project_GSEAd12_d35_GSEA/R_HSA_5358346.png	5	5689;5710;5686;5684;5698
R-HSA-5362768	Hh mutants that don't undergo autocatalytic processing are degraded by ERAD	http://reactome.org/PathwayBrowser/#/R-HSA-5362768	-0.1577619436467692	-0.43467137052549887	0.9999999981060607	0.9979660840615897	16	./Project_GSEAd12_d35_GSEA/R_HSA_5362768.png	5	5689;5710;5686;5684;5698
R-HSA-5387390	Hh mutants abrogate ligand secretion	http://reactome.org/PathwayBrowser/#/R-HSA-5387390	-0.1577619436467692	-0.43467137052549887	0.9999999981060607	0.9979660840615897	16	./Project_GSEAd12_d35_GSEA/R_HSA_5387390.png	5	5689;5710;5686;5684;5698
R-HSA-380108	Chemokine receptors bind chemokines	http://reactome.org/PathwayBrowser/#/R-HSA-380108	-0.5385135340336045	-1.4791278593103512	0.04393673102998817	1	16	./Project_GSEAd12_d35_GSEA/R_HSA_380108.png	9	5196;4283;6363;6352;10563;6376;6372;6373;6387
R-HSA-198933	Immunoregulatory interactions between a Lymphoid and a non-Lymphoid cell	http://reactome.org/PathwayBrowser/#/R-HSA-198933	-0.433799479064898	-1.3954464929052586	0.07889908242403838	1	33	./Project_GSEAd12_d35_GSEA/R_HSA_198933.png	10	919;56253;7412;23547;54209;718;947;3384;1281;1277
R-HSA-2129379	Molecules associated with elastic fibres	http://reactome.org/PathwayBrowser/#/R-HSA-2129379	-0.5514809664837524	-1.3793836362521537	0.11632270147031389	1	12	./Project_GSEAd12_d35_GSEA/R_HSA_2129379.png	7	3693;2335;7040;652;655;2202;4237
R-HSA-9006934	Signaling by Receptor Tyrosine Kinases	http://reactome.org/PathwayBrowser/#/R-HSA-9006934	-0.28699397224888107	-1.194062209641445	0.12755905491722982	1	122	./Project_GSEAd12_d35_GSEA/R_HSA_9006934.png	43	2247;10653;4908;2261;2670;1956;673;7057;2246;9402;1950;627;5156;2277;2335;3643;2323;4688;3815;6776;1499;4689;56034;6777;3083;5154;2260;4915;1839;5155;2324;2322;3480;3791;6692;1003;1281;5340;1277;6387;3730;7060;7059
R-HSA-373760	L1CAM interactions	http://reactome.org/PathwayBrowser/#/R-HSA-373760	-0.4415449476219607	-1.251061624825398	0.17077464758666436	1	19	./Project_GSEAd12_d35_GSEA/R_HSA_373760.png	6	1272;2260;214;27255;5605;2048
R-HSA-500792	GPCR ligand binding	http://reactome.org/PathwayBrowser/#/R-HSA-500792	-0.32704738311497306	-1.2000916294009825	0.18430034098242262	1	56	./Project_GSEAd12_d35_GSEA/R_HSA_500792.png	17	4283;1604;5697;6363;6352;2641;5368;1081;718;10563;6376;6372;2740;30817;6373;6387;1889
R-HSA-422475	Axon guidance	http://reactome.org/PathwayBrowser/#/R-HSA-422475	-0.29417488093369015	-1.162057116172116	0.18512396663615874	1	90	./Project_GSEAd12_d35_GSEA/R_HSA_422475.png	25	80031;5686;1946;6181;5576;1272;4756;4313;2260;5684;6091;10507;9353;5698;1630;6092;214;27255;2676;54209;5605;1281;6204;2048;6387
R-HSA-76009	Platelet Aggregation (Plug Formation)	http://reactome.org/PathwayBrowser/#/R-HSA-76009	-0.4869710033856891	-1.2415550482694526	0.1989150086818897	1	12	./Project_GSEAd12_d35_GSEA/R_HSA_76009.png	4	2335;7066;2811;1277
R-HSA-373076	Class A/1 (Rhodopsin-like receptors)	http://reactome.org/PathwayBrowser/#/R-HSA-373076	-0.3401469631194189	-1.1446465385080467	0.23661485278650285	1	38	./Project_GSEAd12_d35_GSEA/R_HSA_373076.png	20	6750;6374;2922;5539;2920;885;5196;4283;5697;6363;6352;5368;1081;718;10563;6376;6372;6373;6387;1889
R-HSA-451927	Interleukin-2 family signaling	http://reactome.org/PathwayBrowser/#/R-HSA-451927	-0.36852406705928886	-1.1326089592463275	0.26486486438763085	1	25	./Project_GSEAd12_d35_GSEA/R_HSA_451927.png	5	6776;6777;1439;3560;3965
R-HSA-202733	Cell surface interactions at the vascular wall	http://reactome.org/PathwayBrowser/#/R-HSA-202733	-0.34829873286875873	-1.1433011542653435	0.26530612195676045	1	35	./Project_GSEAd12_d35_GSEA/R_HSA_202733.png	12	2335;960;7040;3684;4312;962;5196;482;284;7010;5627;1277
R-HSA-5663202	Diseases of signal transduction	http://reactome.org/PathwayBrowser/#/R-HSA-5663202	-0.27227504900936983	-1.0900292987150972	0.2859504127504952	1	96	./Project_GSEAd12_d35_GSEA/R_HSA_5663202.png	32	2247;2261;1956;673;2246;182;1950;5686;5156;941;2335;7040;4193;4040;3815;6776;942;1499;6777;5154;2308;4296;7249;4851;2260;5684;1839;5698;5155;5950;22943;5605
R-HSA-1266738	Developmental Biology	http://reactome.org/PathwayBrowser/#/R-HSA-1266738	-0.25874440421648276	-1.0848674160014078	0.29641693762798543	1	136	./Project_GSEAd12_d35_GSEA/R_HSA_1266738.png	37	5686;1946;2146;6181;6927;11202;91;7040;3725;5576;1272;1499;5652;4756;4313;53616;2308;4851;2260;5684;6091;10507;9353;5698;91653;1630;6092;214;27255;2676;54209;1828;5605;1281;6204;2048;6387
R-HSA-376176	Signaling by ROBO receptors	http://reactome.org/PathwayBrowser/#/R-HSA-376176	-0.33412948128037423	-1.103032195820534	0.2972972967951059	1	34	./Project_GSEAd12_d35_GSEA/R_HSA_376176.png	8	5684;6091;9353;5698;1630;6092;6204;6387
R-HSA-375276	Peptide ligand-binding receptors	http://reactome.org/PathwayBrowser/#/R-HSA-375276	-0.32932587418360476	-1.0927063624226878	0.3164335658803609	1	36	./Project_GSEAd12_d35_GSEA/R_HSA_375276.png	19	6750;6374;2922;5539;2920;885;5196;4283;5697;6363;6352;5368;718;10563;6376;6372;6373;6387;1889
R-HSA-1442490	Collagen degradation	http://reactome.org/PathwayBrowser/#/R-HSA-1442490	-0.3998577079134384	-1.1262650375354004	0.3202846969389952	1	17	./Project_GSEAd12_d35_GSEA/R_HSA_1442490.png	8	4312;4313;80781;4316;1281;4321;1277;1300
R-HSA-3000178	ECM proteoglycans	http://reactome.org/PathwayBrowser/#/R-HSA-3000178	-0.3838520681571114	-1.108769669650083	0.33154121804383296	1	20	./Project_GSEAd12_d35_GSEA/R_HSA_3000178.png	8	5054;6678;1404;3693;2335;7040;1281;1277
R-HSA-983231	Factors involved in megakaryocyte development and platelet production	http://reactome.org/PathwayBrowser/#/R-HSA-983231	-0.44465343589251843	-1.1304494832285685	0.33333333277498606	1	13	./Project_GSEAd12_d35_GSEA/R_HSA_983231.png	4	5576;23468;3440;1794
R-HSA-372790	Signaling by GPCR	http://reactome.org/PathwayBrowser/#/R-HSA-372790	-0.25825699624072	-1.053227409486242	0.3448844878797286	1	96	./Project_GSEAd12_d35_GSEA/R_HSA_372790.png	20	4283;1604;5697;1839;6363;6352;5950;2641;5368;1081;718;10563;335;6376;6372;2740;30817;6373;6387;1889
R-HSA-1474228	Degradation of the extracellular matrix	http://reactome.org/PathwayBrowser/#/R-HSA-1474228	-0.31621979031718134	-1.0602149063715312	0.3615107907167072	1	37	./Project_GSEAd12_d35_GSEA/R_HSA_1474228.png	14	2335;960;4312;4313;7177;649;80781;3818;4316;1281;4321;5340;1277;1300
R-HSA-186763	Downstream signal transduction	http://reactome.org/PathwayBrowser/#/R-HSA-186763	-0.3873398554634438	-1.0426352212004617	0.4156521731901701	1	16	./Project_GSEAd12_d35_GSEA/R_HSA_186763.png	5	5156;6776;6777;5154;5155
R-HSA-373755	Semaphorin interactions	http://reactome.org/PathwayBrowser/#/R-HSA-373755	-0.42331860122519727	-1.0394855918624077	0.4275362311095358	1	12	./Project_GSEAd12_d35_GSEA/R_HSA_373755.png	3	80031;10507;54209
R-HSA-1839124	FGFR1 mutant receptor activation	http://reactome.org/PathwayBrowser/#/R-HSA-1839124	-0.38304408167665915	-1.0110479199052327	0.42987249466325594	1	13	./Project_GSEAd12_d35_GSEA/R_HSA_1839124.png	5	2247;2246;6776;6777;2260
R-HSA-140877	Formation of Fibrin Clot (Clotting Cascade)	http://reactome.org/PathwayBrowser/#/R-HSA-140877	-0.34153112053298407	-0.9967152452399034	0.44691780745390786	1	21	./Project_GSEAd12_d35_GSEA/R_HSA_140877.png	9	5270;5196;2811;3818;710;2159;5627;5104;3053
R-HSA-6794362	Protein-protein interactions at synapses	http://reactome.org/PathwayBrowser/#/R-HSA-6794362	-0.39561880450713593	-1.0150422645023034	0.44797178051504094	1	13	./Project_GSEAd12_d35_GSEA/R_HSA_6794362.png	8	4916;57497;9455;22871;5789;2893;9369;55327
R-HSA-140837	Intrinsic Pathway of Fibrin Clot Formation	http://reactome.org/PathwayBrowser/#/R-HSA-140837	-0.3838337471506804	-1.022987962701231	0.44891122202862443	1	15	./Project_GSEAd12_d35_GSEA/R_HSA_140837.png	7	5270;2811;3818;710;2159;5104;3053
R-HSA-6806834	Signaling by MET	http://reactome.org/PathwayBrowser/#/R-HSA-6806834	-0.3473706743096807	-1.0000622488442468	0.45519713180072197	1	19	./Project_GSEAd12_d35_GSEA/R_HSA_6806834.png	3	6692;1281;1277
R-HSA-9010553	Regulation of expression of SLITs and ROBOs	http://reactome.org/PathwayBrowser/#/R-HSA-9010553	-0.33331433899929086	-0.9996655503629869	0.4822064048359317	1	23	./Project_GSEAd12_d35_GSEA/R_HSA_9010553.png	6	5684;6091;9353;5698;6092;6204
